2048	2048
4096	920
6144	2796
8192	3548
10240	3119
12288	3454
14336	3274
16384	3442
18432	3878
20480	3656
22528	3503
24576	3782
26624	3894
28672	3768
30720	3903
32768	3711
34816	3900
36864	3884
38912	3628
40960	3855
43008	3912
45056	3823
47104	3916
49152	3912
51200	3903
53248	3910
55296	3914
57344	3900
59392	3914
61440	3916
63488	3914
61440	3892
59392	3916
57344	3916
55296	3918
53248	3914
51200	3916
49152	3912
47104	3902
45056	3914
43008	3902
40960	3916
38912	3871
36864	3914
34816	3884
32768	3886
30720	3896
28672	3902
26624	3695
24576	3567
22528	3784
20480	3628
18432	3902
16384	3670
14336	3482
12288	3652
10240	3636
8192	3620
6144	3871
4096	3256
2048	3247
4096	3188
6144	3190
8192	3226
10240	3144
12288	3578
14336	3583
16384	3582
18432	3644
20480	3862
22528	3504
24576	3694
26624	3839
28672	3839
30720	3903
32768	3892
34816	3903
36864	3622
38912	3830
40960	3766
43008	3880
45056	3916
47104	3823
49152	3775
51200	3914
53248	3850
55296	3914
57344	3902
59392	3902
61440	3903
63488	3918
61440	3910
59392	3916
57344	3908
55296	3916
53248	3914
51200	3914
49152	3832
47104	3914
45056	3910
43008	3912
40960	3903
38912	3850
36864	3679
34816	3912
32768	3640
30720	3902
28672	3903
26624	3576
24576	3900
22528	3752
20480	3807
18432	3816
16384	3786
14336	3455
12288	3750
10240	3391
8192	3694
6144	3710
4096	3748
2048	3512
4096	3032
6144	3740
8192	3294
10240	3414
12288	3272
14336	3390
16384	3455
18432	3542
20480	3604
22528	3764
24576	3495
26624	3896
28672	3540
30720	3800
32768	3710
34816	3598
36864	3908
38912	3759
40960	3695
43008	3775
45056	3790
47104	3898
49152	3903
51200	3914
53248	3896
55296	3912
57344	3886
59392	3912
61440	3903
63488	3916
61440	3918
59392	3916
57344	3910
55296	3860
53248	3916
51200	3834
49152	3910
47104	3902
45056	3916
43008	3880
40960	3854
38912	3898
36864	3912
34816	3692
32768	3910
30720	3686
28672	3798
26624	3839
24576	3892
22528	3828
20480	3516
18432	3766
16384	3726
14336	3519
12288	3839
10240	3670
8192	3839
6144	3818
4096	3678
2048	3556
4096	3026
6144	3151
8192	3800
10240	3278
12288	3350
14336	3732
16384	3594
18432	3566
20480	3836
22528	3900
24576	3762
26624	3519
28672	3788
30720	3903
32768	3766
34816	3828
36864	3896
38912	3892
40960	3912
43008	3692
45056	3903
47104	3740
49152	3726
51200	3774
53248	3887
55296	3916
57344	3912
59392	3912
61440	3898
63488	3916
61440	3918
59392	3892
57344	3903
55296	3886
53248	3910
51200	3916
49152	3916
47104	3910
45056	3903
43008	3900
40960	3912
38912	3916
36864	3888
34816	3912
32768	3670
30720	3912
28672	3903
26624	3894
24576	3834
22528	3711
20480	3794
18432	3720
16384	3871
14336	3754
12288	3578
10240	3468
8192	3606
6144	3790
4096	3732
2048	3158
4096	3090
6144	3326
8192	3752
10240	3277
12288	3300
14336	3304
16384	3591
18432	3887
20480	3766
22528	3710
24576	3455
26624	3564
28672	3832
30720	3910
32768	3903
34816	3903
36864	3878
38912	3902
40960	3790
43008	3903
45056	3820
47104	3908
49152	3903
51200	3912
53248	3912
55296	3918
57344	3860
59392	3912
61440	3914
63488	3912
61440	3912
59392	3916
57344	3916
55296	3916
53248	3916
51200	3903
49152	3903
47104	3903
45056	3903
43008	3788
40960	3912
38912	3903
36864	3839
34816	3790
32768	3775
30720	3910
28672	3599
26624	3706
24576	3612
22528	3903
20480	3880
18432	3892
16384	3510
14336	3880
12288	3694
10240	3839
8192	3656
6144	3420
4096	3350
2048	3306
4096	3734
6144	3148
8192	3374
10240	3546
12288	3820
14336	3864
16384	3884
18432	3892
20480	3626
22528	3516
24576	3580
26624	3596
28672	3896
30720	3606
32768	3660
34816	3871
36864	3796
38912	3743
40960	3798
43008	3832
45056	3756
47104	3912
49152	3743
51200	3912
53248	3908
55296	3903
57344	3903
59392	3914
61440	3916
63488	3918
61440	3916
59392	3916
57344	3916
55296	3916
53248	3884
51200	3916
49152	3902
47104	3916
45056	3902
43008	3912
40960	3858
38912	3878
36864	3910
34816	3888
32768	3902
30720	3864
28672	3832
26624	3814
24576	3834
22528	3900
20480	3868
18432	3602
16384	3608
14336	3896
12288	3858
10240	3728
8192	3526
6144	3526
4096	3278
2048	3402
4096	3192
6144	2790
8192	3516
10240	3199
12288	3848
14336	3580
16384	3758
18432	3428
20480	3514
22528	3711
24576	3512
26624	3886
28672	3668
30720	3903
32768	3628
34816	3634
36864	3902
38912	3711
40960	3772
43008	3690
45056	3912
